0.902753,0.156604,1,826766
0.068673,0.955799,1,343360
0.999838,0.986170,1,624101
0.999527,0.927791,1,995953
0.579554,0.307416,1,643735
0.727398,0.763164,1,72811
0.856521,0.989979,1,132079
0.360915,0.643858,1,339484
0.963504,0.231610,1,272568
0.999673,0.970642,1,559986
0.993142,0.719381,1,368354
0.074890,0.512428,1,73297
0.293323,0.380897,1,496281
0.070721,0.658804,1,981745
0.792986,0.858329,1,929416
0.882686,0.716951,1,920386
0.900578,0.966316,1,17795
0.039188,0.589209,1,417109
0.467844,0.848437,1,149937
0.992525,0.631246,1,11379
0.016853,0.968023,1,46305
0.998403,0.941673,1,139071
0.999775,0.960389,1,225146
0.992684,0.871285,1,877214
0.701695,0.820263,1,368385
0.002704,0.935496,1,72110
0.003715,0.199208,1,442187
0.704780,0.403718,1,698295
0.426491,0.885756,1,375590
0.934879,0.669555,1,538818
0.998650,0.950029,1,109035
0.968316,0.297431,1,202356
0.999110,0.987990,1,882178
0.000034,0.212183,1,733136
0.598265,0.907337,1,198309
0.936679,0.942448,1,525914
0.861413,0.966721,1,805947
0.950809,0.952008,1,330387
0.879307,0.164484,1,865397
0.882920,0.936416,1,78515
0.970215,0.573070,1,890373
0.984890,0.994507,1,233752
0.001298,0.942250,1,151812
0.005894,0.421837,1,386655
0.991617,0.745431,1,215496
0.970699,0.591876,1,81228
0.970791,0.456647,1,307041
0.748475,0.272806,1,233291
0.679932,0.622062,1,498337
0.000000,0.350196,1,456978
0.985207,0.926200,1,244671
0.007054,0.583679,1,544642
0.001171,0.571764,1,596049
0.030181,0.721641,1,469817
0.853345,0.390955,1,421856
0.900762,0.641633,1,964434
0.029269,0.617389,1,541928
0.000067,0.533540,1,864043
0.386873,0.105795,1,662729
0.979110,0.944942,1,917518
0.015882,0.085753,1,402861
0.993954,0.845324,1,771764
0.995187,0.860807,1,119874
0.982713,0.912501,1,285040
0.998971,0.714100,1,504900
0.000394,0.057012,1,318182
0.088629,0.731130,1,810953
0.000115,0.113038,1,310846
0.995451,0.885965,1,648570
0.987112,0.937896,1,676351
0.970335,0.826893,1,389362
0.151849,0.417456,1,538943
0.412577,0.880733,1,910102
0.434536,0.205926,1,541174
0.997953,0.925748,1,925598
0.979020,0.794268,1,125598
0.999993,0.997637,1,622402
0.012236,0.951742,1,232639
0.929739,0.440091,1,358890
0.809615,0.940499,1,120739
0.929515,0.510517,1,689617
0.923609,0.972165,1,603561
0.999753,0.978804,1,665382
0.008914,0.124197,1,285666
0.592021,0.384187,1,73378
0.943024,0.362870,1,87237
0.980509,0.856638,1,250100
0.705704,0.781744,1,615307
0.000024,0.974166,1,951281
0.998130,0.779010,1,912828
0.000554,0.631173,1,532824
0.974774,0.865940,1,354142
0.972771,0.776151,1,684592
0.999059,0.305864,1,652698
0.943249,0.827127,1,639182
0.969351,0.749109,1,189492
0.417001,0.883506,1,970881
0.702667,0.442632,1,450135
0.440091,0.962307,1,500338
0.928631,0.773611,1,619450
0.066374,0.996056,1,126486
0.054119,0.305417,1,889700
0.070454,0.597283,1,158393
0.764902,0.993710,1,36587
0.171563,0.094258,1,430874
0.115365,0.768424,1,83990
0.806843,0.937737,1,162186
0.000002,0.795793,1,53276
0.998356,0.873166,1,316630
0.995283,0.252395,1,521076
0.997566,0.967103,1,174016
0.011986,0.377526,1,6246
0.966523,0.955840,1,124637
0.993119,0.727566,1,839397
0.104584,0.740964,1,291913
0.003643,0.744594,1,198015
0.000031,0.831267,1,926635
0.611633,0.533698,1,542013
0.825566,0.298017,1,813322
0.282281,0.902252,1,877916
0.992126,0.930052,1,454841
0.135087,0.248084,1,346146
0.999936,0.986926,1,232058
0.318695,0.345689,1,139434
0.993703,0.982131,1,998844
0.648398,0.858196,1,871239
0.839702,0.813681,1,328925
0.051223,0.863167,1,969725
0.992320,0.720541,1,321374
0.000001,0.904878,1,829263
0.992703,0.764304,1,589175
0.838840,0.979394,1,447860
0.907488,0.718982,1,718963
0.881847,0.731079,1,747568
0.887441,0.672545,1,484447
0.989954,0.890839,1,149837
0.019894,0.807859,1,831559
0.548726,0.071577,1,646634
0.775415,0.721831,1,203114
0.962796,0.965197,1,148189
0.587029,0.219899,1,167710
0.970045,0.906480,1,377130
0.003887,0.642544,1,154436
0.072327,0.793238,1,292347
0.107145,0.500242,1,216527
0.000345,0.763595,1,446349
0.945921,0.820724,1,490362
0.421845,0.990884,1,143162
0.526131,0.947250,1,988362
0.979786,0.654181,1,303684
0.511887,0.147457,1,21078
0.953514,0.834044,1,443203
0.999340,0.692907,1,649830
0.000287,0.139794,1,253136
0.970658,0.510513,1,582637
0.409248,0.250548,1,648674
0.733053,0.583001,1,124375
0.999960,0.987729,1,911562
0.781169,0.461816,1,618399
0.774330,0.223160,1,445749
0.000800,0.019756,1,740826
0.319631,0.735118,1,207574
0.571850,0.732634,1,893609
0.774164,0.908590,1,459789
0.999455,0.964134,1,955143
0.000825,0.699262,1,378056
0.999842,0.994952,1,609626
0.997616,0.917999,1,786702
0.981558,0.969349,1,24689
0.010272,0.476312,1,812740
0.957749,0.762538,1,934891
0.940730,0.251755,1,192399
0.137405,0.907222,1,189869
0.952243,0.982912,1,89327
0.243896,0.288855,1,484746
0.508055,0.917171,1,406397
0.780209,0.840905,1,535676
0.969470,0.800101,1,975107
0.924090,0.988857,1,549559
0.057718,0.795381,1,524038
0.994037,0.488039,1,278791
0.185027,0.725486,1,570637
0.934921,0.721229,1,967241
0.989052,0.939632,1,928621
0.999611,0.996099,1,823772
0.994106,0.941912,1,549878
0.013160,0.851749,1,577295
0.222553,0.543160,1,948147
0.090600,0.067601,1,461441
0.973912,0.303093,1,195694
0.882907,0.950167,1,393896
0.000584,0.810355,1,202266
0.000005,0.510311,1,403268
0.030807,0.515538,1,287505
0.976752,0.965456,1,662055
0.974521,0.642739,1,358411
0.998784,0.991035,1,665561
0.986381,0.436380,1,271681
0.965039,0.465837,1,145113
0.973473,0.886083,1,690250
0.998557,0.928276,1,84421
0.999989,0.777676,1,80004
0.003409,0.437570,1,882649
0.997402,0.950230,1,274291
0.888371,0.460274,1,169331
0.979039,0.668565,1,367395
0.217299,0.845855,1,680687
0.936594,0.740810,1,705007
0.941116,0.846729,1,342502
0.111784,0.517195,1,230246
0.031060,0.115444,1,229046
0.922336,0.989580,1,621293
0.998709,0.769837,1,800883
0.089031,0.649365,1,196287
0.994206,0.987769,1,549914
0.106430,0.614603,1,624655
0.422199,0.916668,1,746165
0.000422,0.616889,1,127209
0.005450,0.144243,1,572802
0.973534,0.441232,1,207606
0.000001,0.842537,1,322903
0.255138,0.921317,1,966698
0.962597,0.606523,1,409872
0.833637,0.814087,1,726171
0.209602,0.936181,1,254203
0.850849,0.655949,1,71927
0.977057,0.953291,1,84581
0.992387,0.864083,1,919764
0.143352,0.704607,1,343609
0.968737,0.376844,1,229695
0.775056,0.946537,1,610014
0.030216,0.829119,1,428030
0.996128,0.930655,1,309699
0.653031,0.925091,1,492663
0.898497,0.685135,1,702321
0.022564,0.830945,1,479031
0.080897,0.931540,1,860058
0.000000,0.021830,1,383009
0.010048,0.042999,1,184038
0.856135,0.162715,1,202560
0.044487,0.945626,1,613255
0.122612,0.552614,1,413084
0.997133,0.701909,1,823853
0.047435,0.772880,1,414137
0.983919,0.636509,1,609371
0.964358,0.388947,1,373767
0.000599,0.877438,1,38792
0.954752,0.963913,1,355536
0.124231,0.771354,1,500976
0.691819,0.328567,1,611594
0.094958,0.013140,1,563142
0.010847,0.510204,1,823878
0.997944,0.885504,1,578293
0.386505,0.410113,1,973015
0.000023,0.254117,1,550049
0.988863,0.834427,1,832496
0.785229,0.436880,1,44942
0.000180,0.928262,1,634631
0.272772,0.329306,1,752259
0.778414,0.336143,1,388552
0.021399,0.991179,1,864326
0.961834,0.275711,1,362273
0.989317,0.881071,1,816582
0.998697,0.995848,1,174025
0.010988,0.754747,1,854936
0.410670,0.995233,1,518903
0.004622,0.214410,1,653056
0.978184,0.882411,1,714994
0.854408,0.085250,1,901912
0.864465,0.868399,1,837094
0.987830,0.838256,1,917554
0.167871,0.664703,1,515166
0.994253,0.401302,1,250178
0.163967,0.535915,1,741407
0.930007,0.972592,1,929304
0.994191,0.422990,1,859549
0.893185,0.551179,1,115174
0.736335,0.151595,1,968096
0.952139,0.880829,1,215085
0.969768,0.897985,1,616149
0.871970,0.943218,1,579690
0.004893,0.403544,1,778228
0.501296,0.653715,1,440028
0.993202,0.932455,1,157983
0.004413,0.353853,1,751242
0.938641,0.717564,1,990077
0.942705,0.708595,1,990479
0.363623,0.991428,1,796185
0.962191,0.815553,1,624708
0.854783,0.587483,1,742738
0.941325,0.574559,1,184737
0.558626,0.801641,1,489034
0.048518,0.185507,1,105011
0.593999,0.947222,1,1318
0.993569,0.786504,1,663059
0.996141,0.902190,1,959947
0.878174,0.963901,1,520222
0.447624,0.232605,1,316115
0.946038,0.545334,1,674941
0.031706,0.885826,1,422134
0.764585,0.663712,1,153209
0.000481,0.553492,1,592495
0.994916,0.903388,1,937300
0.835734,0.948594,1,403387
0.568985,0.049907,1,333902
0.000002,0.859209,1,866604
0.085576,0.899519,1,262936
0.941534,0.417997,1,449075
0.747151,0.513505,1,834700
0.934760,0.844045,1,478021
0.952315,0.760969,1,65224
0.000083,0.134269,1,414390
0.965008,0.999560,1,256249
0.795872,0.811144,1,505252
0.007701,0.048299,1,572373
0.019668,0.040079,1,7491
0.403915,0.384054,1,495329
0.652227,0.736707,1,562852
0.241556,0.563166,1,803676
0.531459,0.878038,1,120037
0.817173,0.813547,1,305590
0.985937,0.877695,1,988413
0.999986,0.898725,1,609070
0.797117,0.528223,1,410601
0.984313,0.930800,1,989731
0.465437,0.913307,1,272129
0.990887,0.904037,1,370548
0.916974,0.281788,1,509953
0.507588,0.561985,1,588244
0.957632,0.674576,1,45489
0.086128,0.103671,1,932087
0.685414,0.624913,1,741454
0.913495,0.939559,1,637984
0.806076,0.807008,1,869387
0.994590,0.686324,1,144841
0.420076,0.286964,1,971886
0.007658,0.611728,1,735992
0.428649,0.459114,1,407777
0.985487,0.982523,1,420961
0.807740,0.945554,1,570692
0.993788,0.981158,1,885798
0.993336,0.755625,1,486186
0.963541,0.970182,1,985082
0.996621,0.890039,1,142046
0.999129,0.961078,1,991438
0.998984,0.997076,1,557455
0.055900,0.091371,1,149537
0.695547,0.090760,1,486767
0.462207,0.954089,1,120307
0.604357,0.788052,1,953213
0.034344,0.525444,1,606803
0.508821,0.559844,1,425897
0.983812,0.626644,1,941626
0.965903,0.911576,1,215874
0.000879,0.702726,1,836498
0.222509,0.738276,1,931357
0.172129,0.646891,1,488003
0.559899,0.249488,1,207047
0.898094,0.752300,1,441311
0.654179,0.183496,1,76247
0.002592,0.461365,1,252536
0.116669,0.914277,1,373398
0.891801,0.855262,1,817701
0.826554,0.694881,1,890520
0.018942,0.631486,1,242785
0.927677,0.700751,1,962542
0.992181,0.745901,1,862406
0.334424,0.960162,1,978777
0.935012,0.645087,1,370319
0.968554,0.931185,1,283367
0.007730,0.754246,1,549468
0.995628,0.709406,1,256117
0.844126,0.793581,1,769552
0.996854,0.946336,1,534550
0.000652,0.278389,1,398163
0.963012,0.794072,1,760990
0.862521,0.872843,1,92005
0.310385,0.931400,1,547701
0.729731,0.173385,1,247757
0.000003,0.043491,1,212313
1.000000,0.985511,1,500914
0.020339,0.892464,1,854560
0.985078,0.891910,1,638210
0.951754,0.879670,1,442540
0.996522,0.976303,1,70433
0.979291,0.852467,1,474708
0.786641,0.202008,1,373898
0.973139,0.890346,1,558437
0.755614,0.397452,1,681755
0.834735,0.066494,1,815209
0.380004,0.735708,1,634685
0.995242,0.981482,1,934291
0.349473,0.654653,1,188606
0.565092,0.921278,1,452386
0.009689,0.820346,1,824811
0.992181,0.699268,1,431392
0.814653,0.970855,1,414929
0.943325,0.945789,1,687216
0.619657,0.874463,1,410168
0.072332,0.906041,1,785248
0.949915,0.829897,1,970583
0.770095,0.795917,1,959637
0.596463,0.645985,1,41364
0.722201,0.979940,1,740135
0.000003,0.629854,1,494187
0.970518,0.306613,1,439528
0.056981,0.847957,1,501125
0.997627,0.962737,1,586193
0.951631,0.734679,1,987229
0.001031,0.420752,1,748881
0.945051,0.984992,1,798505
0.008513,0.053778,1,488143
0.942675,0.951686,1,603441
0.007879,0.983135,1,436715
0.989523,0.497486,1,930683
0.913284,0.890572,1,673875
0.665950,0.667984,1,911423
0.000656,0.136902,1,304581
0.980986,0.913968,1,232312
0.945099,0.364127,1,593178
0.956610,0.989434,1,119790
0.284934,0.983879,1,866997
0.996139,0.878443,1,527468
0.865029,0.645729,1,308396
0.980920,0.946189,1,319384
0.954175,0.504350,1,352279
0.401125,0.805335,1,739788
0.941193,0.300354,1,734312
0.726097,0.907167,1,39495
0.994348,0.648501,1,149956
0.930484,0.522013,1,519560
0.097286,0.182000,1,10078
0.959807,0.926348,1,109593
0.002270,0.792971,1,560925
0.001203,0.930632,1,750213
0.030819,0.587228,1,603780
0.910777,0.945820,1,452
0.986873,0.920481,1,251338
0.994689,0.956969,1,189973
0.835692,0.997428,1,987681
0.938095,0.653928,1,219
0.038435,0.724416,1,988478
0.090545,0.241534,1,475825
0.892292,0.553336,1,603661
0.018094,0.471776,1,425193
0.952660,0.577320,1,406508
0.996742,0.826852,1,277536
0.308849,0.913583,1,336617
0.999465,0.923253,1,711089
0.970771,0.995092,1,509849
0.953822,0.759881,1,929794
0.712192,0.894578,1,830879
0.009064,0.812530,1,376846
0.006215,0.337448,1,457263
0.911302,0.564823,1,139275
0.999755,0.969724,1,696230
0.809243,0.912812,1,809542
0.988900,0.698423,1,879063
0.952896,0.370036,1,430542
0.001281,0.460359,1,849037
0.929099,0.529640,1,29019
0.989871,0.818167,1,950102
0.994280,0.909150,1,859116
0.000337,0.443554,1,138613
0.390815,0.758201,1,511027
0.000025,0.820255,1,609329
0.987672,0.989883,1,742393
0.969576,0.719713,1,511480
0.976179,0.981283,1,860667
0.925368,0.410068,1,932366
0.327031,0.989998,1,499161
0.220748,0.635047,1,860886
0.000251,0.881642,1,920844
0.885774,0.850781,1,974986
0.996353,0.948353,1,464547
0.999772,0.930388,1,346037
0.366316,0.525553,1,381494
0.892908,0.795846,1,742083
0.714798,0.640905,1,682654
0.998106,0.831364,1,92583
0.992364,0.929941,1,251932
0.709152,0.599163,1,612448
0.994926,0.951743,1,923462
0.866501,0.328919,1,628778
0.017275,0.295677,1,69711
0.994024,0.959293,1,62737
0.929253,0.869312,1,325008
0.993478,0.773822,1,879253
0.999882,0.951536,1,941801
0.730416,0.740348,1,755550
0.881591,0.895044,1,728290
0.892827,0.825022,1,970820
0.494720,0.373699,1,705652
0.846178,0.700056,1,587406
0.456263,0.440614,1,109433
0.200755,0.306168,1,216679
0.203192,0.017732,0,196735
0.654137,0.337138,0,851826
0.220053,0.395765,0,728159
0.038298,0.228369,0,57401
0.026223,0.074198,0,784192
0.059477,0.035565,0,227320
0.378943,0.438123,0,918288
0.004672,0.010875,0,705036
0.001639,0.026885,0,202306
0.202379,0.044564,0,382835
0.053310,0.102238,0,51073
0.000897,0.625142,0,583800
0.115849,0.276798,0,124918
0.022291,0.732167,0,733727
0.000000,0.169997,0,676383
0.010612,0.036861,0,376850
0.179639,0.047109,0,346175
0.001168,0.437881,0,599845
0.503627,0.055189,0,5627
0.000260,0.075638,0,415887
0.935241,0.571536,0,662582
0.000000,0.005226,0,330636
0.942325,0.160239,0,295140
0.000000,0.004581,0,604383
0.115372,0.047503,0,86185
0.001130,0.015898,0,23430
0.003978,0.016383,0,575203
0.470587,0.289131,0,791838
0.718485,0.291840,0,610836
0.000022,0.035143,0,684636
0.002000,0.226298,0,8517
0.008620,0.105993,0,807571
0.019150,0.077678,0,536462
0.144237,0.069521,0,736676
0.000322,0.043574,0,864972
0.125414,0.108436,0,320653
0.531948,0.169216,0,963997
0.005050,0.025400,0,783260
0.061607,0.062256,0,25689
0.017605,0.926191,0,166303
0.766918,0.589968,0,166095
0.254500,0.261558,0,76762
0.419315,0.258497,0,750103
0.139352,0.064657,0,291013
0.023444,0.325631,0,810489
0.000000,0.070463,0,426486
0.005683,0.031365,0,667863
0.172542,0.107253,0,156665
0.497736,0.200784,0,26330
0.000181,0.022163,0,673491
0.004679,0.019332,0,572551
0.004528,0.011239,0,688913
0.000954,0.043515,0,4127
0.553570,0.070611,0,867691
0.394655,0.029486,0,293296
0.296687,0.142668,0,90312
0.000006,0.011974,0,891121
0.020601,0.029402,0,868499
0.233482,0.054076,0,882151
0.010057,0.188196,0,501957
0.005826,0.005540,0,553134
0.056970,0.112798,0,890668
0.000002,0.017690,0,309528
0.003813,0.631859,0,89595
0.000001,0.027788,0,627345
0.017021,0.014152,0,174500
0.005570,0.041320,0,410249
0.000005,0.040677,0,591342
0.003495,0.031486,0,957760
0.000262,0.022494,0,435938
0.493200,0.284904,0,757644
0.022573,0.175361,0,123856
0.045583,0.055330,0,512700
0.000000,0.008257,0,507747
0.949569,0.131400,0,414869
0.986343,0.452841,0,323190
0.509314,0.063158,0,934233
0.053113,0.107084,0,82732
0.123333,0.109199,0,479854
0.001183,0.005457,0,960563
0.000033,0.260706,0,756224
0.013956,0.127455,0,52405
0.000059,0.002055,0,649476
0.017952,0.394723,0,760351
0.002446,0.096858,0,920096
0.992198,0.212203,0,942772
0.403345,0.017057,0,850664
0.004231,0.041780,0,811217
0.000218,0.003830,0,811270
0.337733,0.683236,0,732815
0.228194,0.234075,0,313174
0.000003,0.747347,0,364405
0.044255,0.148397,0,623483
0.000005,0.026861,0,622702
0.058079,0.315048,0,454000
0.449437,0.362381,0,250828
0.000939,0.262210,0,797202
0.060201,0.082471,0,864249
0.015571,0.368757,0,842169
0.000011,0.000904,0,754963
0.000000,0.012169,0,300187
0.001875,0.224170,0,599814
0.018233,0.011820,0,878818
0.000010,0.012359,0,812888
0.244697,0.185690,0,107561
0.003480,0.008925,0,293687
0.448472,0.606183,0,136077
0.001380,0.034452,0,41793
0.000345,0.770460,0,376420
0.001304,0.673193,0,615932
0.767830,0.198408,0,2357
0.000091,0.060625,0,132643
0.083681,0.129588,0,668337
0.964849,0.189362,0,651833
0.121222,0.116948,0,892994
0.000459,0.075014,0,588434
0.027746,0.038292,0,594605
0.217593,0.012709,0,743658
0.000635,0.017484,0,399651
0.000004,0.085485,0,405875
0.011934,0.125438,0,476473
0.017935,0.070292,0,712825
0.000463,0.003744,0,770280
0.073247,0.073664,0,99955
0.731541,0.046366,0,335527
0.000260,0.018377,0,224280
0.967889,0.728406,0,350784
0.000003,0.037678,0,132729
0.000001,0.091242,0,88529
0.754467,0.523884,0,192953
0.000000,0.352993,0,887692
0.021729,0.005011,0,388717
0.990884,0.045793,0,792767
0.047847,0.153248,0,766510
0.996344,0.543740,0,201605
0.909734,0.166129,0,900327
0.001810,0.064606,0,60197
0.902992,0.041161,0,337682
0.001609,0.011370,0,942121
0.800571,0.040579,0,436617
0.000063,0.050599,0,953614
0.133469,0.178980,0,944478
0.035863,0.217600,0,569260
0.000002,0.044476,0,621951
0.000868,0.290026,0,596311
0.875213,0.149157,0,462254
0.246813,0.162408,0,210385
0.046694,0.156741,0,190916
0.000526,0.369516,0,205912
0.000001,0.048772,0,610036
0.002285,0.244167,0,596791
0.864202,0.235578,0,682385
0.005051,0.028682,0,322861
0.075863,0.034084,0,367071
0.104530,0.044932,0,782341
0.224758,0.014838,0,658388
0.042145,0.203061,0,591351
0.023001,0.038255,0,133125
0.478687,0.054891,0,791117
0.002299,0.178831,0,679881
0.218583,0.226778,0,326077
0.875988,0.807521,0,678808
0.012324,0.049173,0,68597
0.001233,0.615706,0,118844
0.008134,0.049416,0,445318
0.002738,0.237930,0,270203
0.000006,0.667782,0,19171
0.198005,0.069323,0,505515
0.000002,0.002065,0,607885
0.216793,0.044039,0,961292
0.055895,0.127282,0,942132
0.000001,0.019267,0,561499
0.000243,0.073907,0,905771
0.069501,0.196845,0,511392
0.239661,0.359983,0,183450
0.000000,0.163288,0,502082
0.272001,0.104356,0,973646
0.000000,0.002562,0,393835
0.382991,0.061117,0,692998
0.301279,0.113983,0,179558
0.154017,0.026903,0,3871
0.002762,0.014313,0,289790
0.962960,0.441238,0,861944
0.991036,0.536151,0,326732
0.000049,0.121148,0,656861
0.051635,0.085944,0,644285
0.007729,0.138764,0,985120
0.013379,0.326185,0,248212
0.002891,0.236666,0,777409
0.336595,0.022070,0,776237
0.004654,0.000596,0,928093
0.722963,0.479311,0,103487
0.001540,0.018605,0,455045
0.000253,0.012084,0,996691
0.398385,0.103823,0,222331
0.012088,0.077345,0,900364
0.241790,0.171499,0,266894
0.839699,0.102143,0,241502
0.990587,0.687167,0,405879
0.007855,0.012200,0,874779
0.000009,0.004719,0,202795
0.000002,0.066595,0,348010
0.221913,0.023363,0,436278
0.000000,0.007198,0,108565
0.242035,0.480874,0,859402
0.000107,0.038283,0,619728
0.733231,0.307077,0,610647
0.713828,0.132422,0,833048
0.018651,0.004053,0,13563
0.549482,0.264508,0,303646
0.875398,0.268627,0,12606
0.000000,0.021381,0,17435
0.000682,0.202174,0,593435
0.269257,0.026639,0,874550
0.007634,0.130984,0,344167
0.000557,0.038322,0,250296
0.000209,0.721433,0,518835
0.002916,0.514806,0,329288
0.999986,0.541586,0,498508
0.915469,0.373083,0,296244
0.990516,0.615990,0,105525
0.493702,0.624566,0,426601
0.669223,0.241482,0,399731
0.043247,0.174795,0,560570
0.000000,0.070123,0,423292
0.000001,0.000305,0,622062
0.007769,0.019925,0,460934
0.019181,0.565338,0,690186
0.990796,0.094068,0,863565
0.431601,0.072292,0,866813
0.532801,0.533409,0,564965
0.426027,0.030855,0,66359
0.255134,0.074645,0,214823
0.015357,0.052726,0,1242
0.884357,0.370546,0,174925
0.021122,0.013146,0,74224
0.706344,0.112136,0,620971
0.001597,0.016418,0,785572
0.084346,0.160150,0,907273
0.444112,0.734286,0,634534
0.001500,0.046726,0,89217
0.000314,0.037734,0,919879
0.003432,0.046115,0,651969
0.000508,0.156332,0,682653
0.247352,0.822903,0,794430
0.090627,0.309701,0,996137
0.199897,0.107613,0,932949
0.230249,0.057414,0,313265
0.071874,0.064370,0,325424
0.141234,0.077890,0,431457
0.020940,0.145949,0,609509
0.000206,0.031753,0,430949
0.931615,0.648536,0,858059
0.944813,0.865132,0,9240
0.000131,0.227620,0,991520
0.896181,0.576155,0,281351
0.000002,0.021267,0,631303
0.000306,0.637025,0,452454
0.001379,0.107675,0,971537
0.015860,0.016323,0,494867
0.103104,0.004074,0,319266
0.000001,0.000839,0,536502
0.019965,0.103174,0,561227
0.000009,0.096107,0,534089
0.935284,0.630631,0,537744
0.000292,0.027033,0,736152
0.000076,0.255234,0,608314
0.014164,0.084821,0,158714
0.100634,0.023500,0,521724
0.465383,0.003587,0,515587
0.000504,0.014542,0,793249
0.000830,0.136443,0,610942
0.021320,0.210007,0,435466
0.636890,0.012027,0,445218
0.885731,0.170800,0,293595
0.000658,0.755838,0,229896
0.959253,0.763906,0,441355
0.352858,0.014207,0,226544
0.005959,0.180007,0,543160
0.004017,0.270934,0,766779
0.000000,0.013520,0,658001
0.001621,0.020750,0,152670
0.897522,0.654591,0,197728
0.143991,0.860739,0,516060
0.587384,0.045590,0,161910
0.000000,0.019754,0,189248
0.999397,0.478471,0,797411
0.086316,0.216302,0,793213
0.146005,0.069376,0,641702
0.000167,0.109372,0,768947
0.045295,0.300635,0,288080
0.000327,0.009638,0,960968
0.068214,0.002489,0,305449
0.000000,0.001466,0,849307
0.000000,0.050571,0,495057
0.017813,0.240105,0,843193
0.000189,0.497966,0,585459
0.008273,0.080911,0,103371
0.000265,0.079704,0,1907
0.118196,0.043312,0,107183
0.000382,0.073627,0,618958
0.167148,0.322528,0,795156
0.005645,0.127392,0,718125
0.000000,0.000987,0,54423
0.001352,0.022769,0,240374
0.000009,0.001021,0,11720
0.001720,0.295937,0,284320
0.012729,0.005693,0,681729
0.000000,0.204745,0,238264
0.059451,0.023974,0,827480
0.243604,0.070009,0,448508
0.741795,0.104739,0,896265
0.344047,0.113772,0,980150
0.434443,0.443402,0,646236
0.772653,0.090727,0,412325
0.045442,0.841084,0,142060
0.851644,0.680426,0,835484
0.912321,0.647127,0,209735
0.037599,0.019221,0,935272
0.000000,0.040984,0,477186
0.274777,0.129249,0,978683
0.000068,0.114421,0,223352
0.205207,0.039931,0,438154
0.176726,0.722419,0,284132
0.000332,0.015714,0,72659
0.950700,0.263762,0,933211
0.063623,0.009499,0,127325
0.837476,0.085299,0,658119
0.000008,0.028020,0,36581
0.038374,0.036378,0,129232
0.209288,0.064060,0,765302
0.000019,0.867773,0,655539
0.000302,0.313394,0,924388
0.305179,0.411839,0,483427
0.001959,0.003392,0,709963
0.000000,0.035458,0,164762
0.000000,0.036668,0,495147
0.003936,0.002963,0,994283
0.057832,0.161186,0,846491
0.076256,0.040822,0,733411
0.041731,0.015827,0,821763
0.013401,0.009627,0,294999
0.001793,0.017428,0,629676
0.830924,0.161030,0,801912
0.893558,0.613813,0,941235
0.910591,0.689341,0,42001
0.000000,0.259738,0,943972
0.007311,0.437629,0,776719
0.000246,0.003084,0,251737
0.000547,0.010480,0,879244
0.003587,0.769093,0,253906
0.972197,0.764787,0,230419
0.009010,0.016596,0,102596
0.150767,0.700158,0,692060
0.000170,0.110298,0,514551
0.083748,0.031126,0,175256
0.000001,0.781509,0,625271
0.534275,0.140464,0,641876
0.015300,0.129729,0,833375
0.028626,0.134163,0,661853
0.000082,0.063257,0,771108
0.000001,0.021538,0,598676
0.047592,0.068103,0,317392
0.487940,0.071534,0,695496
0.000000,0.003442,0,82103
0.411613,0.203000,0,27355
0.931352,0.161975,0,860259
0.000002,0.043168,0,577250
0.001751,0.000845,0,21637
0.000014,0.026178,0,706750
0.259667,0.009859,0,310661
0.562133,0.127099,0,843401
0.076238,0.348190,0,1748
0.007432,0.012266,0,940338
0.985720,0.723088,0,645313
0.079777,0.004768,0,942983
0.955435,0.058968,0,982339
0.000557,0.058485,0,589285
0.401904,0.385373,0,719703
0.002933,0.746969,0,234075
0.001949,0.447609,0,468529
0.000732,0.038953,0,973608
0.012417,0.027350,0,464495
0.677797,0.177490,0,571125
0.267510,0.136228,0,665668
0.011018,0.116024,0,979046
0.328103,0.045765,0,746381
0.307601,0.023273,0,290939
0.000069,0.202685,0,620922
0.483803,0.649668,0,579756
0.012217,0.004094,0,952792
0.882928,0.834837,0,392030
0.009572,0.027638,0,178432
0.008522,0.558700,0,270184
0.006198,0.170641,0,87526
0.216650,0.414121,0,260535
0.099279,0.245794,0,297539
0.000003,0.009648,0,947785
0.963226,0.845774,0,837785
0.670167,0.507683,0,319177
0.782686,0.102463,0,654534
0.946634,0.115008,0,148447
0.000054,0.033614,0,162577
0.360170,0.137053,0,656283
0.206004,0.127788,0,88784
0.001488,0.003719,0,807890
0.124892,0.079082,0,599266
0.356040,0.299381,0,71123
0.000836,0.007352,0,397175
0.232605,0.097520,0,318968
0.298788,0.293005,0,305198
0.000048,0.007812,0,865703
0.327147,0.119496,0,292577
0.000088,0.058021,0,769693
0.079634,0.140011,0,436828
0.222023,0.593577,0,958245
0.539386,0.967962,0,748739
0.993838,0.658599,0,183209
0.033396,0.115446,0,249184
0.173775,0.022287,0,369661
0.002823,0.034259,0,762965
0.009534,0.042709,0,201975
0.216723,0.020794,0,761691
0.982305,0.902871,0,941397
0.355978,0.194985,0,472159
0.557825,0.226076,0,849217
0.018451,0.071967,0,201932
0.200527,0.531635,0,769698
0.089027,0.044556,0,797002
0.020240,0.045481,0,39717
0.922329,0.694142,0,88874
0.586274,0.562147,0,451536
0.000000,0.005750,0,188164
0.000429,0.218268,0,251452
0.168282,0.006020,0,107819
0.195813,0.465806,0,276949
0.209103,0.095366,0,59342
0.384509,0.151808,0,707084
0.013535,0.069847,0,348072
0.909081,0.801457,0,456517
0.003053,0.018935,0,26052
0.186741,0.467358,0,653270
0.009952,0.031718,0,322220
0.975375,0.723211,0,318630
0.151795,0.539016,0,422963
0.001818,0.532547,0,759049
0.050283,0.182299,0,276874
0.038771,0.485298,0,171702
0.094623,0.046086,0,942258
0.574676,0.183540,0,526058
0.022330,0.021278,0,541363
0.011365,0.425291,0,705223
0.626670,0.068467,0,728034
0.000000,0.091132,0,303054
0.021622,0.015998,0,646620
0.127433,0.086124,0,200193
0.087405,0.222187,0,152270
0.000237,0.018550,0,848552
0.013167,0.010464,0,969891
0.000000,0.276091,0,949272
0.015051,0.149227,0,888270
0.386018,0.047271,0,58765
0.001332,0.040614,0,400808
0.003491,0.053865,0,76434
0.592482,0.230153,0,310218
0.000448,0.046445,0,508627
0.001553,0.055330,0,353383
0.000027,0.032623,0,369560
0.000091,0.350814,0,215711
0.008275,0.013777,0,701455
0.000125,0.034490,0,826077
0.866069,0.163857,0,241764
0.009744,0.014184,0,354725
0.871245,0.392579,0,148297
0.641971,0.059819,0,560394
0.000161,0.002708,0,777688
0.003068,0.563981,0,907346
0.187596,0.562929,0,837268
0.973469,0.488386,0,949390
0.006351,0.029976,0,849604
0.195707,0.065286,0,363326
0.003704,0.071116,0,490753
0.184703,0.276738,0,554827
0.149133,0.059142,0,91360
0.930036,0.150628,0,793807
0.007551,0.016476,0,201448
0.153642,0.061982,0,291553
0.000000,0.089867,0,946077
0.311680,0.086251,0,49999
0.000000,0.227653,0,261444
0.009828,0.299401,0,895349
0.600661,0.593206,0,938270
0.309643,0.196146,0,320210
0.147227,0.050059,0,296157
0.427726,0.056592,0,14704
0.998665,0.730705,0,630428
